[[[ 2.2270327   1.         -0.4253254 ]
  [ 1.6392474   1.809017   -0.4253254 ]
  [ 1.213922    2.118034    0.4253254 ]]

 [[ 1.6392474   1.809017   -0.4253254 ]
  [ 0.26286554  2.427051    0.4253254 ]
  [ 1.213922    2.118034    0.4253254 ]]

 [[ 1.3763819  -1.         -1.8017073 ]
  [ 0.68819094 -0.5        -2.3274384 ]
  [ 1.3763819   1.         -1.8017073 ]]

 ...

 [[ 1.1135163   1.809017   -1.2759762 ]
  [-0.26286554  0.809017   -2.3274384 ]
  [-0.5257311   1.618034   -1.8017073 ]]

 [[-0.26286554  0.809017   -2.3274384 ]
  [-1.7013016   0.         -1.8017073 ]
  [-0.5257311   1.618034   -1.8017073 ]]

 [[-1.7013016   0.         -1.8017073 ]
  [-1.3763819   1.618034   -1.2759762 ]
  [-0.5257311   1.618034   -1.8017073 ]]]